*   gOpenMol is using the QUANTA3.2 Display Parameters. (1996-04-04)
   1  0.4000  0.9000  0.1000 F  -0.0498   0.800     0.044   D H     1.00800  1
   2  0.4000  0.9000  0.1000 F  -0.0498   0.600     0.044   D HC    1.00800  1
   3  0.4000  1.0000  0.1000 F  -0.0420   1.330       0.1   N HA    1.00800  1
   4  0.4000  0.9000  0.1000 F  -0.0498   0.920     0.044   D HT    1.00800  1
   5  0.4000  0.0500  0.1000 F -0.04598  0.2245      0.00   A LP        0.0
   6  1.3000  1.8200  0.3000 F   -0.001   0.650      0.01   N MBE   9.01218  4
   7  1.3000  1.8200  0.3000 F    -0.01    1.17      1.50   N B       10.81  5
   8  0.4000  0.9000  0.1000 F  -0.0498   0.800     0.044   D HO    1.00800  1
   9  0.4000  0.9000  0.1000 F   -0.042   1.400     0.044   D HMU   1.00800  1
  10  0.9000  1.7000  0.2000 F  -0.0903   1.800      1.65   N CT   12.01100  6
  11  0.9000  1.8900  0.2000 F  -0.0486   2.365      1.35   N CH1E 13.01900  6
  12  0.9000  2.1700  0.2000 F  -0.1142   2.235      1.77   N CH2E 14.02700  6
  13  0.9000  2.3900  0.2000 F  -0.1811   2.165      2.17   N CH3E 15.03500  6
  14  0.9000  1.7700  0.2000 F  -0.1410   1.870      1.65   N C    12.01100  6
  15  0.9000  1.7700  0.2000 F  -0.0262   2.490      1.65   N CM   12.01100  6
  16  0.9000  1.7700  0.2000 F  -0.0400   1.960      1.65   N CUA1 12.01100  6
  17  0.9000  1.7700  0.2000 F  -0.0400   1.960      1.65   N CUA2 12.01100  6
  18  0.9000  1.7700  0.2000 F  -0.0300   2.100      1.65   N CUY1 12.01100  6
  19  0.9000  1.7700  0.2000 F  -0.0300   2.100      1.65   N CUY2 12.01100  6
  20  0.9000  1.7700  0.2000 F  -0.0400   1.960      1.65   N CUA3 12.01100  6
  21  0.9000  1.7700  0.2000 F  -0.0500   2.040      1.65   N C5R  12.01100  6
  22  0.9000  1.7700  0.2000 F  -0.0500   2.040      1.65   N C6R  12.01100  6
  23  0.9000  1.9000  0.2000 F  -0.0903   2.100      1.35   N C5RE 13.01900  6
  24  0.9000  1.9000  0.2000 F  -0.0903   1.990      1.35   N C6RE 13.01900  6
  25  0.9000  1.7700  0.2000 F  -0.0500   2.040      1.65   N CR55 12.01100  6
  26  0.9000  1.7700  0.2000 F  -0.0500   2.040      1.65   N CR56 12.01100  6
  27  0.9000  1.7700  0.2000 F  -0.0500   2.040      1.65   N CR66 12.01100  6
  28  0.9000  1.7700  0.2000 F  -0.0500   2.040      1.65   N C5RP 12.01100  6
  29  0.9000  1.7700  0.2000 F  -0.0500   2.040      1.65   N C6RP 12.01100  6
  30  0.9000  1.5500  0.2000 F  -0.0900   1.830      1.10   N N5RP 14.00670  7
  31  0.9000  1.6000  0.2000 F  -0.0900   1.830      1.10   N N    14.00670  7
  32  0.9000  1.5500  0.2000 F  -0.0900   1.830      1.10   N NP   14.00670  7
  33  0.9000  1.5500  0.2000 F  -0.0900   1.830      1.10   N NX   14.00670  7
  34  0.9000  1.5500  0.2000 F  -0.0900   1.830      1.10   A N5R  14.00670  7
  35  0.9000  1.5500  0.2000 F  -0.0900   1.830      1.10   A N6R  14.00670  7
  36  0.9000  1.5500  0.2000 F  -0.0900   1.830      1.10   N NT   14.00670  7
  37  0.9000  1.5500  0.2000 F  -0.0900   1.830      1.10   N NC   14.00670  7
  38  0.9000  1.5500  0.2000 F  -0.0900   1.830      1.10   N NO2  14.00670  7
  39  0.9000  1.5500  0.2000 F  -0.0900   1.830      1.10   A N6RP 14.00670  7
  40  0.9000  1.5200  0.4000 F  -0.1591   1.530      0.84   A O    15.99940  8
  41  0.9000  1.5200  0.4000 F  -0.1591   1.540      0.84   A OA   15.99940  8
  42  0.9000  1.5200  0.4000 F  -0.1591   1.600      0.84   A OK   15.99940  8
  43  0.9000  1.5200  0.4000 F  -0.1591   1.560      2.14   A OC   15.99940  8
  45  0.9000  1.5200  0.4000 F  -0.1521   1.800      0.84   A OT   15.99940  8
  46  0.9000  1.5200  0.4000 F  -0.1521   1.768      0.84   A OW   15.99940  8
  47  0.9000  1.5200  0.4000 F  -0.0758   1.739      0.00   A OH2  15.99940  8
  48  0.9000  1.5200  0.4000 F  -0.1591   1.540      0.84   N OM   15.99940  8
  49  0.9000  1.5200  0.4000 F  -0.1591   1.600      0.84   A OS   15.99940  8
  50  0.9000  1.5200  0.4000 F  -0.1591   1.600      0.84   A OE   15.99940  8
  51  0.9000  1.5200  0.4000 F  -0.1591   1.520      0.84   A OAC  15.99940  8
  52  0.9000  1.5200  0.4000 F  -0.1591   1.600      0.84   A O5R  15.99940  8
  53  0.9000  1.5200  0.4000 F  -0.1591   1.600      0.84   A O6R  15.99940  8
  55  0.9000  1.5200  0.4000 F  -0.1591   1.600      0.84   A OSI  15.99940  8
  56  0.9000  1.5200  0.4000 F   -0.001   0.650      0.84   A O2M  15.99940  8
  57  0.9000  1.5200  0.4000 F  -0.1591   1.600      0.01   A OSH   0.00000  8
  60  1.2000  1.8000  0.4000 F   14.000   1.900       3.0   N PT    30.9738  15
  61  1.2000  1.8000  0.4000 F   14.000   1.900       3.0   N PO3   30.9738  15
  62  1.2000  1.8000  0.4000 F   14.000   1.900       3.0   N PO4   30.9738  15
  63  1.2000  1.8000  0.4000 F   14.000   1.900       3.0   N PUA1  30.9738  15
  64  1.2000  1.8000  0.4000 F   14.000   1.900       3.0   N P6R   30.9738  15
  70  1.2000  1.8000  0.5000 T   -0.043   1.890      0.34   N ST   32.06000  16
  71  1.2000  1.8000  0.5000 T   -0.043   1.890      0.34   N SH1E 33.06800  16
  72  1.2000  1.8000  0.5000 F   -0.043   1.890      0.34   N S5R   32.0600  16
  73  1.2000  1.8000  0.5000 F   -0.043   1.890      0.34   N S6R   32.0600  16
  74  1.2000  1.8000  0.5000 F   -0.043   1.890      0.34   N SE     32.060  16
  75  1.2000  1.8000  0.5000 F   -0.043   1.890      0.34   N SK     32.060  16
  76  1.2000  1.8000  0.5000 F   -0.043   1.890      0.34   N SO1   32.0600  16
  77  1.2000  1.8000  0.5000 F   -0.043   1.890      0.34   N SO2   32.0600  16
  78  1.2000  1.8000  0.5000 F   -0.043   1.890      0.34   N SO3   32.0600  16
  79  1.2000  1.8000  0.5000 F   -0.043   1.890      0.34   N SO4   32.0600  16
  80  1.3000  1.8200  0.3000 T  -0.0676   1.636     0.025   N MLI     6.941  3
  81  1.3000  2.2700  0.3000 T   -0.026   2.048      0.17   N MNA   22.9898  11
  82  1.3000  1.7300  0.3000 T  -0.4677   1.439      0.00   N MMG    24.305  12
  83  1.3000  2.7500  0.3000 T -0.00905   2.493      1.93   N MK     39.098  19
  84  1.3000  2.0700  0.3000 T  -0.3353   1.744      0.00   N MCA    40.080  20
  85  1.3000  2.0000  0.3000 T   -0.700   1.600      0.00   N MMN    54.938  25
  86  1.3000  1.4700  0.3000 T  -0.0001   1.470      0.01   N MFE    55.847  26
  87  1.3000  1.3900  0.3000 T   -0.250   1.090       0.0   N MZN     65.38  30
  88  1.3000  1.4800  0.3000 T -0.00653   2.661      1.90   N MRB   85.4678  37
  89  1.3000  1.6500  0.3000 T -0.00449   2.909      2.90   N MCS  132.9054  55
  90  1.3200  2.1000  1.6000 T   -0.310   2.300      0.10   N MSI   28.0855  14
  91  1.4500  0.4200  1.6000 T   -0.250   2.660      0.29   N MAL   26.9815  13
  92  0.9000  1.4700  0.3000 F  -0.0780   1.650      0.32   N XF   18.99840  9
  93  1.3000  1.7500  0.4000 F  -0.2400   2.030      1.91   N XCL  35.45300  17
  94  1.5000  1.8500  0.5000 F  -0.3200   2.180     2.880   N XBR    79.904  35
  95  1.8000  2.0000  0.5000 F  -0.8000   2.150     4.690   N XI   126.9045  53
  96  1.3000  1.4700  0.3000 T   -0.060   1.270      0.00   N MCU    63.546  29
  97  1.3000  1.4700  0.3000 T   -0.001   0.650      0.01   N MV    50.9415  23
  98  1.3000  1.4700  0.3000 T   -0.001   0.650      0.01   N MCR    51.996  24
  99  1.3000  1.4700  0.3000 T   -0.001   0.650      0.01   N MCO   58.9332  27
 100  1.3000  1.4700  0.3000 T   -0.060   1.270      0.00   N MNI     58.69  28
 101  1.3000  1.4700  0.3000 T   -0.060   2.000      0.00   N MAS   74.9216  33
 102  1.3000  1.4700  0.3000 T   -0.001   0.650      0.01   N MSE     78.96  34
 103  1.3000  1.4700  0.3000 T  -0.1719   1.977       0.0   N MSR     87.62  38
 104  1.3000  1.4700  0.3000 T   -0.001   0.650      0.01   N MY    88.9059  39
 105  1.3000  1.4700  0.3000 T  -0.0100   2.030      1.90   N MZR     91.22  40
 106  1.3000  1.4700  0.3000 T   -0.001   0.650      0.01   N MNB   92.9064  41
 107  1.3000  1.4700  0.3000 T   -0.001   0.650      0.01   N MMO     95.94  42
 108  1.3000  1.4700  0.3000 T   -0.001   0.650      0.01   N MRU    101.07  44
 109  1.3000  1.4700  0.3000 T -0.00449   2.909      2.90   N MRH  102.9055  45
 110  1.3000  1.4700  0.3000 T   -0.001   0.650      0.01   N MPD    106.42  46
 111  1.3000  1.4700  0.3000 T   -0.001   0.650      0.01   N MAG   107.868  47
 112  1.3000  1.4700  0.3000 T   -0.001   0.650      0.01   N MCD    112.41  48
 113  1.3000  1.4700  0.3000 T   -0.001   0.650      0.01   N MSN    118.69  50
 114  1.3000  1.4700  0.3000 T   -0.001   0.650      0.01   N MSB    121.75  51
 115  1.3000  1.4700  0.3000 T  -0.1085   2.193       0.0   N MBA    137.33  56
 116  1.3000  1.4700  0.3000 T   -0.001   0.650      0.01   N MW     183.85  74
 117  1.3000  1.4700  0.3000 T   -0.001   0.650      0.01   N MOS     190.2  76
 118  1.3000  1.4700  0.3000 T   -0.001   0.650      0.01   N MPT    195.08  78  
 119  1.3000  1.4700  0.3000 T   -0.001   0.650      0.01   N MAU    196.08  79
 120  1.3000  1.4700  0.3000 T   -0.001   0.650      0.01   N MHG    200.59  80
 121  1.3000  1.4700  0.3000 T   -0.001   0.650      0.01   N MPB     207.2  82
 122  1.3000  1.4700  0.3000 T   -0.001   0.650      0.01   N MBI  208.9804  83
 123  1.3000  1.4700  0.3000 T   -0.001   0.650      0.01   N MLA  138.9055  57
 124  1.3000  1.4700  0.3000 T   -0.001   0.650      0.01   N MCE    140.12  58
 125  1.3000  1.4700  0.3000 T   -0.001   0.650      0.01   N MPR  140.9077  59
 126  1.3000  1.4700  0.3000 T   -0.001   0.650      0.01   N MAC  227.0278  89
 127  1.3000  1.4700  0.3000 T   -0.001   0.650      0.01   N MTH  232.0381  90
 128  1.3000  1.4700  0.3000 T   -0.001   0.650      0.01   N MU   238.0289  92
 129  1.3000  1.4700  0.3000 T   -0.001   0.650      0.01   N MTE    127.60  52
 130  1.3000  1.4700  0.3000 T   -0.001   0.650      0.01   N MPO     209.0  84
 131  1.3000  1.4700  0.3000 F  -0.3200   2.180     2.880   N XAT     210.0  85
 132  1.3000  1.4700  0.3000 T   -0.001   0.650      0.01   N MTC      98.0  43
 133  1.3000  1.4700  0.3000 T   -0.001   0.650      0.01   N MSC   44.9559  21
 134  1.3000  1.4700  0.3000 T   -0.001   0.650      0.01   N MTI     47.88  22
 135  1.3000  1.4700  0.3000 T   -0.001   0.650      0.01   N MGA     69.72  31
 136  1.3000  1.4700  0.3000 T   -0.001   0.650      0.01   N MGE     72.59  32
 137  1.3000  1.4700  0.3000 T   -0.001   0.650      0.01   N MIN    114.82  49
 138  1.3000  1.4700  0.3000 T   -0.001   0.650      0.01   N MHF    178.49  72
 139  1.3000  1.4700  0.3000 T   -0.001   0.650      0.01   N MTA  180.9479  73
 140  1.3000  1.4700  0.3000 T   -0.001   0.650      0.01   N MIR    192.22  77
 141  1.3000  1.4700  0.3000 T   -0.001   0.650      0.01   N MTL   204.383  81
 142  1.3000  1.4700  0.3000 T   -0.001   0.650      0.01   N MFR     223.0  87
 143  1.3000  1.4700  0.3000 T   -0.001   0.650      0.01   N MRA  226.0254  88
 144  1.3000  1.4700  0.3000 T   -0.001   0.650      0.01   N MND    144.24  60
 145  1.3000  1.4700  0.3000 T   -0.001   0.650      0.01   N MPM     145.0  61
 146  1.3000  1.4700  0.3000 T   -0.001   0.650      0.01   N MSM    150.36  62
 147  1.3000  1.4700  0.3000 T   -0.001   0.650      0.01   N MEU    151.96  63
 148  1.3000  1.4700  0.3000 T   -0.001   0.650      0.01   N MGD    157.25  64
 149  1.3000  1.4700  0.3000 T   -0.001   0.650      0.01   N MTB  158.9254  65
 150  1.3000  1.4700  0.3000 T   -0.001   0.650      0.01   N MDY    162.50  66
 151  1.3000  1.4700  0.3000 T   -0.001   0.650      0.01   N MHO  164.9304  67
 152  1.3000  1.4700  0.3000 T   -0.001   0.650      0.01   N MER    167.26  68
 153  1.3000  1.4700  0.3000 T   -0.001   0.650      0.01   N MTM  168.9342  69
 154  1.3000  1.4700  0.3000 T   -0.001   0.650      0.01   N MYB    173.04  70
 155  1.3000  1.4700  0.3000 T   -0.001   0.650      0.01   N MLU   174.967  71
 156  1.3000  1.4700  0.3000 T   -0.001   0.650      0.01   N MPA  231.0359  91
 157  1.3000  1.4700  0.3000 T   -0.001   0.650      0.01   N MNP  237.0482  93
 158  1.3000  1.4700  0.3000 T   -0.001   0.650      0.01   N MPU     244.0  94
 159  1.3000  1.4700  0.3000 T   -0.001   0.650      0.01   N MAM     243.0  95
 160  1.3000  1.4700  0.3000 T   -0.001   0.650      0.01   N MCM     247.0  96
 161  1.3000  1.4700  0.3000 T   -0.001   0.650      0.01   N MBK     247.0  97
 162  1.3000  1.4700  0.3000 T   -0.001   0.650      0.01   N MCF     251.0  98
 163  1.3000  1.4700  0.3000 T   -0.001   0.650      0.01   N MES     252.0  99
 164  1.3000  1.4700  0.3000 T   -0.001   0.650      0.01   N MFM     257.0  100
 165  1.3000  1.4700  0.3000 T   -0.001   0.650      0.01   N MMD     258.0  101
 166  1.3000  1.4700  0.3000 T   -0.001   0.650      0.01   N MNO     259.0  102
 167  1.3000  1.4700  0.3000 T   -0.001   0.650      0.01   N MLW     260.0  103 
 168  1.3000  1.4700  0.3000 T    -0.01     1.4      1.50   N HE    4.00260  2
 169  1.3000  1.4700  0.3000 T    -0.01    1.54       1.5   N NE     20.179  10
 170  1.3000  1.4700  0.3000 T    -0.01    1.88      1.50   N AR     39.948  18
 171  1.3000  1.4700  0.3000 T    -0.01    2.02       1.5   N KR      83.80  36
 172  1.3000  1.4700  0.3000 T    -0.01    2.16       1.5   N XE     131.29  54
 173  1.3000  1.4700  0.3000 T    -0.01    2.25       1.5   N RN      222.0  86
 174  1.3000  1.4700  0.3000 T   -0.001   0.650      0.01   N MRF     261.0  104
 175  1.3000  1.4700  0.3000 T   -0.001   0.650      0.01   N MHA     262.0  105
 176  1.3000  1.4700  0.3000 T   -0.001   0.650      0.01   N MRE    186.31  75
 177  1.3200  2.1000  1.6000 T   -0.310   2.300      0.10   N MSIU 28.08550  14
 180  0.9000  1.5500  0.2000 F  -0.0900   1.830      1.10   N NR56 14.00670  7
 181  0.9000  1.5500  0.2000 F  -0.0900   1.830      1.10   N NR66 14.00670  7
 182  0.9000  1.5500  0.2000 F  -0.0900   1.830      1.10   N NR55 14.00670  7
 183  0.9000  1.5500  0.2000 F  -0.2000   1.850       0.0   N NR1  14.00670  7
 184  0.9000  1.5500  0.2000 F  -0.2000   1.850       0.0   N NR2  14.00670  7
 185  0.9000  1.5500  0.2000 F  -0.2000   1.850       0.0   N NR3  14.00670  7
 186  0.9000  1.5500  0.2000 F  -0.0900   1.830      1.10   N NC2  14.00670  7
 191  0.9000  1.7000  0.2000 F  -0.0903   1.800      1.65   N CT3  12.01100  6
 193  0.9000  1.7000  0.2000 F  -0.0903   1.800      1.65   N CT4  12.01100  6
 190  0.9000  1.7700  0.2000 F  -0.1410   1.870      1.65   N C3   12.01100  6
 192  0.9000  1.7700  0.2000 F  -0.1410   1.870      1.65   N C4   12.01100  6
 194  0.9000  1.7700  0.2000 F  -0.0500   2.040      1.65   N C6RQ 12.01100  6
 195  0.9000  1.7700  0.2000 F  -0.0500   2.040      1.65   N CQ66 12.01100  6
 196  0.9000  1.7700  0.2000 F  -0.0500   2.040      1.65   N CS66 12.01100  6
 197  0.9000  1.7700  0.2000 F  -0.0903   1.800      1.65   N CPH1 12.01100  6
 198  0.9000  1.7700  0.2000 F  -0.0903   1.800      1.65   N CPH2 12.01100  6
 199  0.9000  1.7000  0.2000 F  -0.0903   1.800      1.65   N CP3  12.01100  6
 200  1.3000  1.7500  0.4000 F  -0.2400  2.0300   2.00000   N XCLU 35.453
 201  0.9000  1.7000  0.2000 F  -0.0486  2.365    1.35000   N CU1E 0.0       6       
 202  0.9000  1.7000  0.2000 F  -0.1142  2.2350   1.77000   N CU2E 0.0       6
 203  0.9000  1.7000  0.2000 F  -0.0486  2.3650   1.35000   N CW1E 0.0       6
 204  0.9000  1.7000  0.2000 F  -0.1142  2.235    1.65000   N CW1E 0.0       6
 205  0.9000  1.5500  0.2000 F  -0.2384  1.7000   1.20000   D NP1E 0.0       7
 206  0.9000  1.7000  0.2000 F  -0.2383  1.7000   1.20000   D N5RE 0.0       7
 207  0.9000  1.7000  0.2000 F  -0.3074  1.6500   1.40000   D NT1E 0.0       7
 208  0.9000  1.7000  0.2000 F  -0.3676  1.7000   1.70000   D NT2E 0.0       7
 209  0.9000  1.9000  0.2000 F  -0.4596  1.7500   2.13000   D NT3E 0.0       7
 210  0.9000  1.7000  0.2000 F  -0.3676  1.7000   1.70000   D NC2E 0.0       7
 211  0.9000  1.7000  0.4000 F  -0.2440  1.6500   1.20000   E OI1E 0.0       8
 212  0.9000  1.7000  0.4000 F  -0.2440  1.6500   1.20000   E OT1E 0.0       8
 213  0.9000  1.9000  0.4000 F  -0.2440  1.6500   1.20000   E OH2E 0.0       8
 220  0.9000  1.5500  0.2000 F  -0.0900  1.8300   1.70000   D N6RE 0.0       7
 221  0.9000  1.5500  0.2000 F  -0.0900  1.8300   1.20000   D NP2E 0.0       7
 489 -1.9000  0.9500  0.1000 F  -0.0450  1.468    1.00000   N DUM  0.0       
 490  0.4000  0.9500  0.1000 F  -0.0450  1.4680   1.00000   N PROT 0.0   
 491  0.9000  1.4000  0.2000 F  -0.1591  1.6000  -1.00000   E OXYG 0.0       8
 492  0.9000  1.4000  0.2000 F  -0.0758  1.7390  -0.83400   E WATE 0.0       
 493  0.9000  2.5800  0.2000 F  -0.1811  2.1650   0.00000   N METH 0.0
 499  0.9000  1.4000  0.2000 F   0.00000 0.0000   0.00000   N DEFA 0.0
1000 -1.9000  0.9500  0.1000 F   0.0000  0.0000   0.00000   N DUMM 0.0
2000 -1.9000  1.0000  0.1000 F   0.0000  0.000      1.65    N XX   1.0000
2001 -1.9000  1.0000  0.1000 F   0.0000  0.000      1.65    N YY   1.0000  
2002 -1.9000  1.0000  0.1000 F   0.0000  0.000      1.65    N ZZ   1.0000  
